-2.476548e-02
3.879742e-02
4.589982e-02
3.676154e-02
3.297121e-02
1.776790e-02
4.970901e-02
5.301452e-02
5.066586e-02
5.658275e-02
5.343701e-02
5.812889e-02
8.080383e-02
7.321054e-02
7.203051e-02
6.706557e-02
7.077555e-02
6.309413e-02
9.075050e-02
7.619359e-02
8.517380e-02
9.547298e-02
3.151986e-02
7.243384e-02
4.870343e-02
6.042555e-02
6.056084e-02
6.960239e-02
6.453362e-02
4.644152e-02
1.800401e-02
4.006145e-02
2.558368e-02
6.199608e-02
5.284324e-02
6.718894e-02
4.372804e-02
6.230666e-02
5.972940e-02
6.781568e-02
7.283290e-02
5.932422e-02
6.753492e-02
6.679450e-02
6.618570e-02
5.880312e-02
5.023916e-02
6.726452e-02
6.461121e-02
6.090074e-02
6.761168e-02
7.687356e-02
6.866562e-02
5.790256e-02
6.203302e-02
6.833102e-02
7.397948e-02
6.364840e-02
6.357668e-02
5.145802e-02
6.259438e-02
4.795016e-02
5.066642e-02
5.701606e-02
5.983160e-02
5.036803e-02
4.340039e-02
5.348161e-02
5.780507e-02
5.968714e-02
4.558384e-02
4.391707e-02
5.140214e-02
4.395301e-02
5.410280e-02
5.747692e-02
4.342376e-02
6.112976e-02
6.112476e-02
6.522919e-02
6.049246e-02
5.786712e-02
6.325519e-02
5.477996e-02
6.944053e-02
4.560874e-02
6.620093e-02
5.740648e-02
4.985014e-02
4.576449e-02
4.958252e-02
5.503911e-02
5.622287e-02
5.323496e-02
4.042950e-02
4.628379e-02
5.199676e-02
4.963128e-02
4.507676e-02
5.033468e-02
