1.125529e-01
1.305709e-01
1.294783e-01
1.262288e-01
-5.171676e-01
-2.424128e-01
-2.464245e-01
-1.372525e-01
-7.811850e-02
-1.085571e-01
-8.537360e-02
-1.066021e-01
-2.838796e-01
-3.340191e-01
-2.452662e-01
-2.179522e-01
-1.531185e-01
-1.521819e-01
-1.414077e-01
-1.522047e-02
-6.022822e-02
-3.522610e-02
-4.168374e-03
-3.812397e-02
-2.840653e-02
-4.667858e-02
-2.008503e-02
-5.047430e-02
-2.285626e-02
5.488554e-03
-4.148322e-02
4.510574e-02
-9.037780e-04
1.685357e-02
1.921252e-02
-1.704660e-02
2.018598e-02
-5.395505e-02
-4.450234e-02
-6.412099e-02
-8.832575e-02
-1.232368e-01
-7.227634e-02
-1.125180e-01
-9.049526e-02
-9.991415e-02
-7.065926e-02
-5.996902e-02
-8.859859e-02
-9.206101e-02
-1.150265e-01
-5.901701e-02
-1.070629e-01
-7.032457e-02
-9.181434e-02
-1.037920e-01
-1.193424e-01
-1.071386e-01
-8.390787e-02
-5.034237e-02
-5.657119e-02
-7.275532e-02
-2.958256e-02
-7.476144e-02
-1.023575e-01
-1.439382e-01
-1.012690e-01
-9.984915e-02
-8.236820e-02
-4.163521e-02
-7.499048e-02
-5.573205e-02
-5.703926e-02
-5.371875e-02
9.596296e-03
-7.214340e-03
-6.829987e-02
-6.150464e-02
-3.914111e-02
-1.948535e-02
-2.110212e-02
-7.982484e-02
-1.187157e-01
-1.995230e-02
-4.675723e-02
-1.090444e-02
-5.332281e-02
-6.700180e-02
-4.856271e-02
-1.992730e-02
-1.042358e-01
-5.018613e-02
-3.471951e-02
-7.941895e-02
-2.491364e-02
-4.802072e-02
-5.117793e-02
-6.240904e-02
-9.102206e-02
-8.215959e-02
-2.538050e-01
-2.224651e-01
-9.069659e-02
-1.685764e-01
-1.976271e-01
-2.823675e-01
9.579661e-02
2.034422e-01
1.885166e-01
1.893501e-01
1.744826e-01
1.872263e-01
2.047159e-01
1.989386e-01
2.167924e-01
1.919331e-01
1.806622e-01
1.809176e-01
1.831800e-01
2.002265e-01
1.776205e-01
1.958340e-01
2.068424e-01
1.946930e-01
2.007258e-01
1.990639e-01
2.090794e-01
1.964907e-01
1.793466e-01
1.895703e-01
2.089303e-01
2.034456e-01
2.052603e-01
2.012474e-01
1.991792e-01
2.062615e-01
1.979464e-01
2.046321e-01
2.133756e-01
2.045906e-01
2.039528e-01
2.232845e-01
2.014554e-01
2.133973e-01
2.088158e-01
2.024428e-01
1.884798e-01
2.152168e-01
2.082421e-01
-1.746437e-02
-1.045214e-03
-2.385393e-03
-2.451686e-03
8.742332e-03
7.591253e-03
2.166558e-03
-3.243020e-02
-4.317522e-01
