-3.163563e-01
-1.264434e-01
-4.288789e-02
-3.755222e-02
-1.916811e-02
-6.563541e-02
-5.629285e-02
-1.047053e-01
-9.245169e-02
-7.702914e-02
-7.064514e-02
-6.874533e-02
-1.025434e-01
-9.310738e-02
-7.602899e-02
-6.129367e-02
-2.873800e-02
-2.411544e-03
-4.017717e-02
-1.076416e-01
-5.137038e-02
-3.861772e-02
-1.752803e-02
-2.346084e-02
-3.278238e-02
-4.314875e-02
-3.594051e-02
-1.884570e-02
-3.139602e-02
-1.140639e-01
-7.246369e-02
-1.382330e-01
-6.378149e-02
-6.715706e-02
-3.592085e-02
-3.800684e-02
-2.133277e-02
-2.807713e-02
-2.261125e-02
-3.253096e-02
-3.202802e-02
-1.280134e-02
-2.618838e-02
-1.177730e-02
3.460584e-03
-1.220720e-02
-2.885529e-02
-5.105477e-03
1.786960e-02
-1.006906e-03
6.306416e-03
-1.626302e-02
-1.827961e-02
4.622530e-03
-3.342512e-03
1.726869e-03
1.909400e-02
1.128608e-02
3.247963e-03
1.314152e-02
1.110796e-02
4.786358e-03
1.225011e-02
9.333612e-03
1.096471e-02
1.509961e-02
1.253967e-02
4.002495e-03
-5.445068e-03
9.491066e-03
-6.767799e-03
5.919202e-03
-2.595004e-03
2.493982e-03
2.245446e-03
3.829286e-03
4.131502e-03
9.054636e-03
5.691809e-03
1.955038e-03
9.794764e-03
2.501589e-03
8.935465e-03
2.693460e-03
-7.658949e-03
3.465596e-03
1.012203e-02
-9.319517e-03
-8.505700e-03
-1.927952e-03
2.761777e-03
4.823058e-03
6.003610e-03
9.603256e-03
5.400894e-03
2.660481e-04
7.932842e-03
1.225153e-02
1.243663e-02
-3.714147e-03
-1.073497e-01
-1.480994e-01
-7.818200e-02
-4.446520e-02
-1.896853e-02
-2.480488e-02
-3.162201e-02
-6.788936e-03
-2.138044e-02
-1.170231e-03
-1.428138e-03
-1.021667e-02
-1.887456e-02
-6.770934e-03
-1.144238e-02
-4.105437e-03
-9.915184e-03
-8.009754e-03
-7.633579e-03
-2.311136e-03
-4.187516e-03
-1.201503e-02
-1.734551e-02
-9.492254e-03
-2.213413e-02
-2.745418e-02
5.161047e-03
-1.243218e-02
-1.057020e-02
4.806050e-03
-2.040230e-02
-1.086689e-01
-6.331752e-02
-4.141754e-02
-2.010262e-02
-4.411519e-02
-4.610658e-02
-1.087280e-03
3.044362e-02
4.291612e-02
5.395089e-02
2.977673e-02
2.059802e-02
2.795377e-02
2.741971e-02
2.826510e-02
3.011267e-02
3.518371e-02
2.041594e-02
3.819523e-02
3.989929e-02
3.998798e-02
4.119152e-02
3.306381e-02
4.652176e-02
4.212280e-02
3.803439e-02
1.785640e-02
-4.034469e-03
2.763661e-02
2.809248e-02
1.388701e-02
1.148507e-02
2.223925e-02
2.063687e-02
1.429971e-02
3.552036e-02
4.569516e-02
1.805921e-02
2.023537e-02
3.724684e-02
3.866918e-02
3.050201e-02
4.305064e-02
3.114164e-02
3.701087e-02
3.176948e-02
2.821940e-02
3.251051e-02
2.157846e-02
2.276317e-02
3.221582e-02
3.375069e-02
2.805742e-02
3.334568e-02
4.100624e-02
2.682667e-02
3.395741e-02
2.711690e-02
2.492414e-02
2.767119e-02
4.290587e-02
3.067624e-02
2.789714e-02
3.420706e-02
3.573751e-02
1.553426e-02
2.282986e-02
1.563305e-02
1.073947e-02
7.605207e-03
8.053718e-03
8.007815e-03
7.333578e-03
7.702201e-03
1.708237e-03
-8.298953e-03
-1.106028e-02
-2.924206e-02
-2.374132e-02
-2.477439e-02
-2.792892e-02
-2.780673e-02
-2.157103e-02
-2.965592e-02
-2.287360e-02
-1.098627e-02
-7.947269e-03
-1.905063e-02
-2.943591e-03
3.548294e-04
-5.488814e-03
-6.827949e-03
-5.443533e-03
-1.008682e-02
-4.672409e-03
-5.580829e-03
-2.430128e-04
-1.026723e-02
-5.844829e-03
-3.257260e-03
-1.383806e-02
-7.330331e-03
-2.538219e-03
-1.500141e-02
-1.862017e-02
-1.201312e-02
-7.942650e-03
-7.023747e-03
-8.748622e-03
-4.791078e-03
-1.089817e-02
-5.554696e-03
-1.331506e-03
-5.401670e-04
-1.472412e-02
-1.164044e-02
-1.127117e-02
-1.379334e-02
-1.252663e-02
-1.726065e-02
-4.196931e-03
-1.319003e-02
-2.554885e-02
-6.212232e-03
-2.619230e-02
-1.697974e-02
-3.832041e-03
-1.462492e-02
-2.205637e-02
-1.825425e-02
-3.273543e-02
3.921380e-05
-1.823933e-02
-2.156021e-02
-2.105502e-02
-1.991537e-02
-1.819333e-02
-7.966099e-03
-1.369845e-02
-1.163737e-02
-9.070416e-03
-1.066745e-02
-1.674739e-02
-1.963334e-02
-2.688164e-02
-1.279217e-02
-1.464470e-02
-6.714331e-03
-2.403670e-02
-1.030573e-02
-2.259822e-02
-2.632467e-02
-2.695275e-02
-2.621448e-02
-8.007700e-02
-5.765675e-02
-5.163978e-02
-2.857000e-02
-3.637952e-02
-2.695514e-02
-1.746952e-02
-1.015452e-02
-6.098295e-03
-3.969303e-03
-5.522580e-03
1.165219e-03
-1.588033e-03
3.042425e-02
2.653079e-02
2.528904e-02
2.439717e-02
2.252414e-02
2.134058e-02
1.787567e-02
1.727816e-02
1.781487e-02
1.717390e-02
1.574084e-02
1.233575e-02
1.255092e-02
1.587915e-02
1.464476e-02
1.390660e-02
1.168394e-02
1.388282e-02
1.246433e-02
1.148142e-02
1.182114e-02
1.048437e-02
1.247288e-02
8.537943e-03
5.557648e-03
4.605106e-03
7.426435e-04
5.060997e-03
9.285557e-03
5.891102e-03
8.160116e-03
1.031838e-02
5.006269e-04
3.895030e-03
6.318251e-03
6.541938e-03
-4.022244e-03
1.357280e-03
4.449053e-03
1.297289e-03
-1.316794e-03
-7.262588e-04
7.601530e-03
5.929887e-03
-8.517498e-03
-1.712715e-02
-2.492709e-03
-7.815428e-03
6.111321e-03
1.275648e-03
2.943212e-03
-2.873096e-03
-5.206035e-03
1.747744e-03
-1.162858e-02
-1.111606e-02
-1.084926e-02
-1.188490e-02
-1.223217e-02
-8.867975e-03
-1.384179e-02
-7.997139e-03
-1.052251e-02
-1.471308e-02
-1.261405e-02
-5.310435e-03
-1.415949e-02
-1.018886e-02
-1.104628e-02
-1.282204e-02
-2.015720e-02
-1.305022e-02
-1.095179e-02
-1.591618e-02
-1.085229e-02
-6.827424e-03
-1.296669e-02
-2.204686e-02
-1.159763e-02
-1.087034e-02
-1.271474e-02
-1.390065e-02
-9.906432e-03
-2.744462e-03
-2.987833e-03
-2.573725e-03
-5.505997e-03
-1.367145e-02
-1.224983e-02
-1.559704e-02
-2.511766e-03
-1.038316e-02
-1.603276e-02
4.594957e-03
-8.852995e-03
-1.069377e-02
-1.132392e-02
-1.410623e-02
-1.691663e-02
2.170902e-02
2.810084e-02
3.237099e-02
3.393969e-02
3.806311e-02
3.571893e-02
3.742242e-02
3.100609e-02
3.021770e-02
2.827903e-02
2.690305e-02
2.677514e-02
2.619255e-02
2.854966e-02
2.714211e-02
2.570034e-02
2.149248e-02
2.215816e-02
2.465571e-02
2.044941e-02
2.108102e-02
2.079198e-02
2.469808e-02
2.737876e-02
2.540359e-02
3.232193e-02
2.966125e-02
3.073030e-02
3.318238e-02
3.125352e-02
3.072061e-02
3.393184e-02
3.367776e-02
3.530976e-02
3.519636e-02
3.487815e-02
3.211682e-02
3.285757e-02
3.865004e-02
3.587853e-02
3.487831e-02
3.892270e-02
3.460356e-02
3.603652e-02
3.570137e-02
3.261413e-02
3.743706e-02
3.526264e-02
3.512485e-02
3.265086e-02
3.425241e-02
3.305686e-02
3.334165e-02
2.809625e-02
2.904647e-02
3.016542e-02
2.971021e-02
3.022444e-02
2.550097e-02
2.527700e-02
3.043587e-02
2.641161e-02
2.718102e-02
2.730743e-02
2.468841e-02
2.844943e-02
2.662022e-02
2.579311e-02
2.408761e-02
2.476667e-02
2.352975e-02
2.401903e-02
2.217955e-02
2.396538e-02
1.809380e-02
1.910057e-02
1.731604e-02
1.753771e-02
6.160953e-03
6.110954e-03
1.352586e-03
-5.642169e-03
-1.395001e-02
-2.026432e-02
-2.715011e-02
1.610778e-03
-2.111399e-03
-7.658300e-03
-1.292537e-02
-1.106384e-02
-1.370073e-02
-9.359632e-03
-1.697566e-02
-2.339987e-02
-1.548252e-02
-2.309883e-02
-1.976746e-02
-2.099532e-02
1.545051e-02
9.544353e-03
1.174865e-02
1.572697e-02
9.611139e-03
-1.232645e-03
-1.798798e-02
-1.911322e-02
-7.844253e-03
-6.338077e-03
-7.270717e-03
-4.756358e-03
-8.191774e-03
-5.140605e-03
-1.172173e-02
-2.033768e-02
-1.085521e-02
-3.084305e-02
-5.994875e-03
-1.528510e-02
-1.273649e-01
-1.447870e-01
-1.458089e-01
-1.494098e-01
-1.298970e-01
-1.402576e-01
-1.348772e-01
-1.109463e-01
-1.148588e-01
-1.136452e-01
-8.980593e-02
-9.348609e-02
-8.477116e-02
-9.649727e-02
-1.136076e-01
-7.679966e-02
-9.125462e-02
-7.649460e-02
-6.240379e-02
-1.011724e-01
-8.600308e-02
-8.546770e-02
-7.475097e-02
-1.018165e-01
-8.053847e-02
-9.050812e-02
-8.286887e-02
-8.818124e-02
-8.327357e-02
-2.895160e-03
-5.390413e-02
-5.690494e-02
-3.582975e-02
-4.451656e-02
-3.920974e-02
-2.136235e-02
-2.181463e-02
-2.290730e-02
-1.597850e-02
-2.093673e-02
-1.817456e-02
-5.421933e-02
-3.450385e-02
-5.269802e-02
-3.665561e-02
-4.298123e-02
-4.236402e-02
-5.905155e-02
-5.182558e-02
-6.808931e-02
-5.938458e-02
-6.614594e-02
-6.936664e-02
-6.576082e-02
-5.986139e-02
-4.456113e-02
-6.555822e-02
-6.068964e-02
-4.045683e-02
-7.807912e-02
-1.134386e-01
-9.586571e-02
-1.287053e-01
-1.342170e-01
-9.866565e-02
-1.442399e-01
-1.874637e-01
-1.166252e-01
-1.172753e-01
-1.119759e-01
-1.394211e-01
-1.191567e-01
-1.069264e-01
-9.468947e-02
-1.094677e-01
-1.080265e-01
-9.594573e-02
-9.253256e-02
-1.061670e-01
-9.507478e-02
-7.030560e-02
-8.819784e-02
-8.710209e-02
-9.008789e-02
-1.018370e-01
-7.411131e-02
-9.418450e-02
-7.838841e-02
-6.799595e-02
-9.319979e-02
-7.923921e-02
-8.815433e-02
-1.092442e-01
-7.271947e-02
-1.083160e-01
-1.266993e-01
-1.019009e-01
-1.122290e-01
-1.085958e-01
-9.592383e-02
-8.399767e-02
-8.437713e-02
-7.744576e-02
-1.129904e-01
-8.064971e-02
-1.055124e-01
-9.379522e-02
-1.043686e-01
-2.752040e-02
-2.474592e-02
-3.637604e-02
-3.317703e-02
-4.337540e-02
-4.764508e-02
-4.092104e-02
-6.421721e-02
-4.474613e-02
-4.838509e-02
-4.458138e-02
-5.640518e-02
-5.239914e-02
-4.343422e-02
-3.845157e-02
-4.617582e-02
-5.060332e-02
-5.385657e-02
-4.111981e-02
-4.167144e-02
-5.011129e-02
-5.416200e-02
-4.550429e-02
