-1.094731e-01
-2.307043e-02
-6.407223e-03
-1.295808e-03
-1.786768e-03
-1.437993e-03
-6.560136e-04
-4.013681e-04
-3.258482e-03
-1.547316e-03
-8.643522e-04
-1.494641e-03
-2.546952e-03
-1.245270e-03
5.122934e-04
-8.420788e-04
-4.125414e-03
-2.566836e-03
-1.902547e-03
-1.726566e-03
-9.207013e-04
-6.595069e-04
-6.727604e-04
-1.800170e-03
-5.954171e-04
-7.378501e-04
-7.579805e-04
-7.006066e-04
3.182350e-04
7.945575e-04
-3.669269e-04
-1.129059e-03
-8.041600e-04
-6.117655e-04
-4.576358e-04
-4.304041e-04
-4.498513e-04
-9.760910e-04
-3.448483e-04
-3.224907e-04
-4.709180e-04
-3.649544e-04
-4.792890e-04
-5.868486e-04
3.015608e-06
-1.857827e-04
-2.193923e-04
-5.211300e-04
-2.485263e-04
-4.821164e-04
