-9.777903e-03
5.835596e-04
-6.083072e-02
-5.677909e-02
-4.415966e-02
-2.901978e-02
-5.533632e-02
-5.374927e-02
-5.929454e-02
-7.363226e-02
-8.455787e-02
-9.239963e-02
-6.574932e-02
-8.939710e-02
-8.122943e-02
-5.897632e-02
-8.084136e-02
-4.836334e-02
-5.694721e-02
-4.176402e-02
-3.466642e-02
-4.882647e-02
-1.721437e-02
-4.814996e-02
-9.078858e-03
-3.692871e-02
-2.546219e-02
-3.248601e-02
-3.475505e-02
-7.307439e-03
-4.281855e-02
-4.365993e-02
-2.907545e-02
-1.212290e-02
-4.386199e-02
-7.355175e-03
-3.116757e-02
-2.444919e-02
-3.463779e-02
-2.821159e-02
-3.043059e-02
-2.283984e-02
-3.029448e-02
-2.505450e-02
-1.883382e-02
-2.766665e-02
-1.024318e-02
-1.669175e-02
-4.056417e-02
-1.129237e-02
-5.431038e-02
-2.641051e-02
-2.233253e-02
-1.877389e-02
-2.086504e-02
-1.568214e-02
-8.914451e-02
-7.249194e-02
-6.432652e-02
-8.732060e-02
-7.498974e-02
-4.315140e-02
-7.517349e-02
-9.402011e-02
-1.325606e-01
-8.283754e-02
-1.847315e-01
-1.593369e-01
-1.642495e-01
-1.499657e-01
-1.852637e-01
-1.398063e-01
-1.515844e-01
-1.771120e-01
-1.399942e-01
-1.439268e-01
-1.605811e-01
-1.627785e-01
-1.358664e-01
-1.438721e-01
-1.700595e-01
-1.601154e-01
-1.154488e-01
-1.459397e-01
-1.446068e-01
-1.427575e-01
-1.261244e-01
-1.582693e-01
-1.433219e-01
-8.962074e-02
-1.133705e-01
-1.447438e-01
-1.616310e-01
-9.930123e-02
-1.135452e-01
-1.096767e-01
-9.106628e-02
-1.350894e-01
-5.902227e-02
-1.093149e-01
-1.715228e-01
-9.633262e-02
-1.734503e-01
-1.288839e-01
-1.428039e-01
-1.832660e-01
-1.210585e-01
-1.444613e-01
-1.468741e-01
-1.446898e-01
-1.732169e-01
-1.233723e-01
-1.605981e-01
-1.128434e-01
-1.295421e-01
-1.487389e-01
-1.051451e-01
-1.386696e-01
-1.040867e-01
-1.406202e-01
-1.152395e-01
-1.542950e-01
-1.700910e-01
-1.101597e-01
-1.669167e-01
-1.723142e-01
-1.829190e-01
-1.421381e-01
-1.007863e-01
-1.195856e-01
-1.031514e-01
-1.129876e-01
-1.054852e-01
-1.433331e-01
-5.349473e-02
-1.793725e-01
-1.382299e-01
-1.277163e-01
-9.294051e-02
-7.951444e-02
-1.091093e-01
-1.317010e-01
-6.676312e-02
-1.275780e-01
-1.244048e-01
-1.156782e-01
-1.167903e-01
-1.285144e-01
-1.514643e-01
-8.328997e-02
-1.219871e-01
-1.170404e-01
-1.584520e-01
-1.453128e-01
-1.173744e-01
-1.541903e-01
-1.553245e-01
-1.161816e-01
-1.124101e-01
-1.311484e-01
-1.031119e-01
-1.467695e-01
-1.189489e-01
-8.849377e-02
-1.403964e-01
-7.957806e-02
-1.021399e-01
-9.891909e-02
-1.398438e-01
-9.022751e-02
-1.196306e-01
-1.117506e-01
-1.169731e-01
-1.137129e-01
-1.518907e-01
-1.140193e-01
-1.515491e-01
-1.186304e-01
-6.045354e-02
-1.867195e-01
-7.134542e-02
-9.592480e-02
-9.268452e-02
-8.433537e-02
-7.024343e-02
-1.185960e-01
-1.375885e-01
-1.198671e-01
-1.699724e-01
-6.863715e-02
-1.054251e-01
-8.476584e-02
-1.441192e-01
-1.179082e-01
-1.066519e-01
-1.125598e-01
-1.062704e-01
-8.646921e-02
-1.338374e-01
-8.153099e-02
-1.094913e-01
-1.085086e-01
-1.062735e-01
-1.115062e-01
-1.108164e-01
-1.301856e-01
-1.444985e-01
-1.128123e-01
-1.106198e-01
-8.223324e-02
-7.417621e-02
-1.217382e-01
-1.175658e-01
-1.083983e-01
-6.285021e-02
-8.630141e-02
-4.110615e-02
-1.632856e-01
-1.649464e-01
-1.392271e-01
-1.540024e-01
-1.488556e-01
-1.940690e-01
-2.557874e-01
-1.803540e-01
-1.643077e-01
-1.899001e-01
-1.886126e-01
-1.558068e-01
-1.382600e-01
-1.708839e-01
-1.854612e-01
-1.301053e-01
-7.970552e-02
-1.590697e-01
-8.950364e-02
-1.073132e-01
-1.981333e-01
-1.950272e-01
-1.813181e-01
-1.814622e-01
-1.793098e-01
-1.817681e-01
-2.789342e-01
-2.485586e-01
-2.668846e-01
-2.368182e-01
-1.519882e-01
-1.329339e-01
-1.749956e-01
-1.575593e-01
-1.561335e-01
-1.026572e-01
-1.011332e-01
-9.987549e-02
-7.481466e-02
-8.068284e-02
-7.010810e-02
-7.565648e-02
-5.647376e-02
-6.893722e-02
-7.001579e-02
-5.978620e-02
-9.929579e-02
-5.721942e-02
-2.669602e-02
-4.448747e-02
-6.160647e-02
-1.295280e-03
-3.411531e-02
-3.927439e-02
-4.975131e-02
-2.493716e-02
-1.834938e-02
-9.203811e-02
-1.524720e-02
-1.132855e-02
-9.977864e-02
-1.187859e-01
-1.575933e-01
-1.184075e-01
-1.583004e-01
-1.150622e-01
-1.566364e-01
-1.424534e-01
-1.577592e-01
-1.328279e-01
-1.481191e-01
-1.317636e-01
-1.666401e-01
-1.354270e-01
-1.254016e-01
-1.572903e-01
-1.512840e-01
-1.618058e-01
-1.529019e-01
-1.772650e-01
-1.311658e-01
-1.738530e-01
-1.211069e-01
-1.504230e-01
-1.121497e-01
-1.542733e-01
-1.580908e-01
-1.475618e-01
-1.568262e-01
-1.144876e-01
-1.255261e-01
-1.185946e-01
-1.440381e-01
-1.209224e-01
-1.461785e-01
-1.102024e-01
-1.372098e-01
-4.322091e-02
-1.434854e-01
-1.207077e-01
-9.481563e-02
-1.128116e-01
-1.038057e-01
-9.085247e-02
-1.674052e-01
-1.293052e-01
-1.018488e-01
-8.035502e-02
-1.181334e-01
-1.123183e-01
-9.787873e-02
-1.266134e-01
-9.280083e-02
-1.163912e-01
-6.809445e-02
-6.896753e-02
-1.029163e-01
-1.077829e-01
-1.394583e-01
-1.284371e-01
-9.695801e-02
-9.448549e-02
-1.174650e-01
-1.100921e-01
-9.613550e-02
-7.941300e-02
-1.442431e-01
-8.026488e-02
-8.528073e-02
-5.570538e-02
-1.153467e-01
-1.201214e-01
-1.127118e-01
-8.297860e-02
-1.457035e-01
-1.303225e-01
-1.100897e-01
-1.297223e-01
-1.008277e-01
-1.079735e-01
-1.093325e-01
-9.558218e-02
-9.127773e-02
-7.602312e-02
-9.857821e-02
-9.730027e-02
-9.206787e-02
-1.465999e-01
-6.953955e-02
-9.288207e-02
-6.812657e-02
-1.414515e-01
-1.064683e-01
-6.036679e-02
-1.383305e-01
-1.074111e-01
-8.477302e-02
-6.615452e-02
-1.392448e-01
-1.650607e-01
-6.962533e-02
-1.126205e-01
-8.094828e-02
-1.049512e-01
-7.486214e-02
-7.222112e-02
-1.122323e-01
-7.268482e-02
-1.272927e-01
-1.160484e-01
-6.264143e-02
-1.014656e-01
-1.372384e-01
-1.335337e-01
-1.622661e-01
-1.192429e-01
-1.749607e-01
-1.220706e-01
-1.253718e-01
-1.128688e-01
-9.296272e-02
-1.399820e-01
-1.156512e-01
-9.028704e-02
-1.143645e-01
-8.619393e-02
-1.183927e-01
-1.738456e-01
-1.518685e-01
-1.530852e-01
-9.230530e-02
-4.837787e-02
-3.464321e-02
-2.950623e-02
-2.913089e-02
-8.519532e-02
-2.178984e-02
-6.202714e-02
-5.323125e-02
5.819132e-02
8.476140e-02
6.761177e-02
7.435349e-02
7.617903e-02
7.676141e-02
5.885589e-02
7.289514e-02
7.363146e-02
6.639823e-02
