1.236125e-03
1.179606e-03
5.671037e-04
9.198947e-04
6.605418e-04
6.252018e-04
5.985912e-04
5.388830e-04
6.908537e-04
1.146147e-03
6.022350e-04
7.854052e-04
9.172222e-04
2.182543e-03
1.777817e-03
1.717684e-03
2.332490e-03
6.757090e-03
2.511929e-03
4.093146e-03
3.002636e-03
3.129255e-03
2.403096e-03
1.878070e-03
1.924731e-03
2.163030e-03
2.483576e-03
2.386447e-03
2.744676e-03
2.129540e-03
2.100810e-03
9.489786e-02
1.814088e-03
1.862952e-03
1.646392e-03
2.666787e-03
1.450710e-03
1.245574e-03
1.825211e-03
1.852888e-03
1.090066e-03
7.547872e-04
2.010850e-03
8.190419e-04
6.682231e-02
1.130854e-03
9.687211e-02
1.010051e-03
9.049897e-02
8.090280e-04
9.675600e-02
2.108186e-03
9.514152e-02
1.362927e-03
9.336146e-02
2.151804e-03
2.433731e-03
1.273431e-03
1.058590e-03
1.236218e-03
7.184775e-04
1.528623e-03
9.286359e-04
1.475721e-03
2.337272e-03
1.342097e-03
1.148004e-03
7.056848e-04
1.304170e-03
5.491819e-03
2.146883e-03
5.137101e-03
8.020762e-04
8.021788e-04
1.797097e-03
6.325200e-04
1.182496e-03
1.055619e-03
9.737941e-02
1.192460e-03
8.870166e-04
7.371708e-04
1.835039e-03
7.948618e-04
3.023697e-03
1.041605e-03
9.863614e-02
7.457427e-04
7.147421e-04
1.198730e-03
1.948825e-01
5.974699e-04
1.941570e-01
8.869792e-02
3.464731e-04
8.126847e-04
5.913394e-04
6.660153e-04
4.625953e-04
1.656722e-03
