6.901861e-05
4.726150e-05
9.340929e-04
1.914048e-03
1.773559e-03
1.103083e-03
1.500084e+00
2.014437e-03
1.542752e+00
2.247925e-03
3.325197e-03
1.523791e+00
2.951321e-03
3.009820e-03
2.540149e-03
1.505282e+00
3.534513e-03
1.594297e-03
2.109892e-03
2.214313e-03
1.512627e+00
1.509071e+00
1.541253e+00
2.112186e-03
2.835054e-03
1.516804e-03
1.791102e-03
1.764881e-03
1.562365e-03
1.198674e-03
2.035333e-03
1.535331e-03
1.475338e+00
1.285780e-03
2.001609e-03
1.463082e-03
1.348685e-03
1.849647e-03
1.101492e-03
9.959310e-04
1.531122e-03
8.490610e-04
1.479621e+00
9.957699e-04
1.041316e-03
9.040080e-04
1.396535e-03
6.131488e-04
1.730740e-03
7.455031e-04
1.260561e-03
5.073174e-04
3.767986e-04
3.703352e-04
3.489857e-04
2.684093e-04
3.372177e-03
3.593182e-03
4.031095e-03
3.587286e-03
2.957084e-03
5.580183e-03
5.961763e-03
1.512373e+00
1.512558e+00
6.697847e-03
7.645592e-03
6.583683e-03
8.170772e-03
1.498484e+00
1.493354e+00
7.523701e-03
6.725833e-03
9.428761e-03
6.589415e-03
9.387226e-03
9.100243e-03
7.797236e-03
1.488918e+00
1.487494e+00
7.561956e-03
8.797683e-03
1.565603e+00
1.513256e+00
7.173924e-03
5.553320e-03
1.511780e+00
1.530770e+00
5.862228e-03
1.518266e+00
8.885998e-03
6.819888e-03
8.700975e-03
7.004829e-03
3.040611e+00
1.511670e+00
6.465381e-03
8.634470e-03
3.082122e+00
1.553560e+00
1.530918e+00
1.535144e+00
1.359677e-02
8.792622e-03
1.064339e-02
4.518687e+00
8.789333e-03
3.059842e+00
1.509090e+00
1.547567e+00
1.489719e+00
3.057329e+00
1.043313e-02
7.649197e-03
1.549590e+00
6.914275e-03
5.631781e-03
1.518958e+00
1.535681e+00
8.161216e-03
1.523882e+00
4.623104e+00
1.488903e+00
1.566512e+00
1.176654e-02
2.988364e+00
1.796952e-02
1.171852e-02
9.710566e-03
8.262743e-03
1.519585e+00
1.489870e+00
5.427971e-03
1.014937e-02
3.070997e+00
1.719466e-02
1.523937e+00
7.746040e-03
8.758071e-03
1.542161e+00
1.527737e+00
9.459320e-03
8.454895e-03
4.560172e+00
9.732334e-03
3.010164e+00
9.653239e-03
1.360231e-02
3.061033e+00
8.835259e-03
1.047090e-02
1.120481e-02
1.521104e+00
1.142530e-02
3.074769e+00
1.355889e-02
3.017263e+00
1.071652e-02
9.808552e-03
1.085970e-02
1.563751e+00
1.489448e+00
8.397132e-03
8.298544e-03
1.533744e+00
1.014268e-02
1.020427e-02
1.084677e-02
1.546070e+00
1.005202e-02
3.013693e+00
7.575647e-03
1.206553e-02
1.101000e-02
1.498353e-02
1.509842e+00
1.271966e-02
8.921267e-03
3.104555e+00
2.292392e-02
1.023899e-02
1.531066e+00
8.402050e-03
2.997268e+00
9.218673e-03
1.006439e-02
1.373624e-02
1.556225e+00
2.970067e+00
3.072033e+00
8.685835e-03
4.593307e+00
1.502816e+00
3.038326e+00
1.059990e-02
1.522689e+00
1.120041e-02
1.555420e+00
1.516445e-02
9.790773e-03
1.535165e+00
1.135819e-02
1.506199e+00
1.517821e+00
1.022671e-02
1.235087e-02
1.401074e-02
1.551712e+00
1.113250e-02
6.629893e-03
7.819134e-03
1.503279e+00
1.530243e+00
1.048283e-02
3.023412e+00
8.489318e-03
1.546867e+00
3.013160e+00
1.027389e-02
8.887794e-03
3.080065e+00
1.518440e+00
1.518223e+00
1.558398e+00
1.305518e-02
1.520641e+00
1.548370e+00
1.632243e-02
1.526861e+00
1.106243e-02
1.369499e-02
1.777201e-02
8.176230e-03
7.976197e-03
1.538106e+00
1.552546e+00
9.485248e-03
1.483555e+00
1.043896e-02
9.802753e-03
1.088174e-02
9.492463e-03
1.060505e-02
9.599385e-03
1.557640e+00
1.348695e-02
1.562660e-02
1.069245e-02
7.163095e-03
1.407048e-02
8.815803e-03
1.139572e-02
7.063734e-03
3.017270e+00
4.615294e+00
8.733309e-03
1.529897e+00
9.510221e-03
7.901789e-03
1.104702e-02
1.488574e+00
1.515191e+00
9.866445e-03
1.561739e+00
9.696833e-03
1.533273e+00
1.156099e-02
3.047732e+00
7.284637e-03
7.343304e-03
1.515598e+00
9.439987e-03
1.528668e+00
8.716743e-03
1.548223e+00
1.515428e+00
1.518873e+00
7.514438e-03
8.472307e-03
1.516873e+00
7.612218e-03
1.140364e-02
1.523446e+00
1.545609e+00
1.529043e+00
9.928703e-03
8.455658e-03
1.072581e-02
1.529049e+00
1.251415e-02
9.127910e-03
3.033717e+00
1.386149e-02
9.826052e-03
1.490535e+00
1.517302e+00
1.494539e+00
1.534938e+00
4.567018e+00
8.456538e-03
1.503956e+00
1.145986e-02
1.513448e+00
1.547423e+00
9.631774e-03
1.090270e-02
1.540447e+00
8.280494e-03
7.762021e-03
1.519987e+00
1.513016e+00
8.375335e-03
9.124521e-03
8.291747e-03
8.902770e-03
1.134191e-02
8.404924e-03
7.905670e-03
9.094251e-03
1.508852e+00
6.416309e-03
1.263024e-02
1.535092e+00
1.512436e+00
7.009168e-03
3.013767e+00
7.536707e-03
5.477326e-03
1.118181e-02
3.005481e+00
6.831938e-03
5.874289e-03
7.338717e-03
8.094734e-03
7.700023e-03
9.730747e-03
7.701562e-03
5.101430e-03
7.490125e-03
1.002103e-02
1.474516e+00
6.277728e-03
6.021686e-03
1.540328e+00
6.533242e-03
5.555847e-03
6.854111e-03
2.988393e+00
3.038398e+00
7.768067e-03
6.306922e-03
9.773572e-03
1.525243e+00
1.555632e+00
6.104439e-03
1.519120e+00
1.020852e-02
6.890291e-03
1.485428e+00
6.682085e-03
1.547615e+00
4.380920e-03
1.536858e+00
7.360387e-03
1.407452e-02
1.476805e+00
1.508622e+00
5.511072e-03
1.066870e-02
8.790326e-03
6.483797e-03
1.507218e+00
6.319731e-03
1.569718e+00
6.797516e-03
1.244091e-02
1.712460e-02
8.343153e-03
5.949929e-03
6.698329e-03
5.965465e-03
1.484216e+00
1.478926e+00
8.397153e-03
6.685601e-03
1.246789e-02
1.529325e+00
7.814677e-03
6.822294e-03
1.070995e-02
9.092301e-03
5.394786e-03
8.610875e-03
1.016637e-02
6.156228e-03
5.897168e-03
5.494927e-03
1.545562e+00
8.358510e-03
7.500270e-03
3.074145e+00
9.060150e-03
4.783468e-03
3.048490e+00
1.267555e-02
9.550758e-03
1.554018e+00
1.486486e+00
1.508750e-03
5.450878e-04
5.105507e-04
3.161336e-04
4.349939e-04
6.835085e-04
4.330937e-04
2.958527e-04
6.359298e-04
2.713417e-04
2.775013e-04
3.530562e-04
2.829935e-04
1.384668e-04
3.571564e-04
2.491807e-04
1.909693e-04
1.727728e-04
