1.494856e-05
8.411492e-06
1.340562e-06
4.551172e-06
3.908810e-07
2.843023e-07
6.955304e-07
8.409684e-07
5.393949e-06
5.599111e-07
9.545689e-08
5.638443e-07
3.271022e-06
3.467340e-07
1.274521e-06
2.055598e-08
1.835158e-07
6.972834e-08
6.559783e-08
1.637377e-07
9.750234e-08
5.802283e-08
1.808339e-08
9.764063e-07
3.662144e-08
3.215659e-08
1.250339e-08
2.607734e-08
2.691329e-07
4.172634e-07
7.195515e-09
1.412543e-08
1.253918e-08
9.059105e-09
8.584675e-10
3.870771e-09
1.785505e-09
2.858657e-07
5.507134e-09
1.029181e-09
9.552654e-09
8.721094e-08
8.055783e-10
4.508027e-09
4.398022e-08
7.148316e-10
6.051484e-10
3.967412e-07
3.866358e-10
8.059145e-08
