3.150523e-04
3.165739e-04
2.231209e-04
2.486634e-04
7.315577e-04
1.329602e-03
2.026504e-02
2.580632e-03
7.984798e-03
3.092253e-03
5.820807e-03
1.523979e+00
1.447805e+00
3.021524e-03
1.452653e+00
9.330550e-03
1.044270e-02
8.053408e-03
7.745083e-03
1.110826e-02
4.176627e-03
5.879875e-03
4.248495e-03
3.910097e-03
4.372010e-03
2.858092e-03
4.055987e-03
7.930103e-03
3.605984e-03
3.221069e-03
1.456990e+00
3.776160e-03
4.186146e-03
7.296114e-03
4.951145e-03
1.460571e+00
5.399097e-03
5.783926e-03
8.471785e-03
5.457496e-03
9.324389e-03
8.059075e-03
1.459532e+00
1.006525e-02
9.210248e-03
6.955299e-03
1.370424e-02
1.016403e-02
1.486123e+00
7.243054e-03
1.452748e+00
9.152316e-03
1.123210e-02
8.554570e-03
6.444045e-03
1.278955e-02
1.469121e+00
1.298248e-02
2.940388e+00
1.483627e+00
2.961545e+00
1.485347e+00
1.026436e-02
1.524088e+00
1.500835e-02
1.900117e-02
1.521615e-02
1.475698e+00
1.417017e-02
8.248812e-03
1.473803e+00
1.270854e-02
2.986805e+00
1.190428e-02
9.752646e-03
8.453151e-03
1.558088e+00
1.050810e-02
1.046688e-02
1.212624e-02
1.067829e-02
1.518234e-02
1.478774e+00
1.542502e+00
1.222109e-02
1.026841e-02
1.128183e-02
8.486685e-03
1.038632e-02
8.281797e-03
1.480539e+00
1.539440e+00
1.498949e+00
1.191491e-02
1.066197e-02
1.039569e-02
1.472007e-02
1.478819e+00
1.741255e-02
1.567031e+00
1.469912e+00
2.896267e+00
3.138452e-02
2.979244e+00
2.313611e-02
9.652047e-04
9.645447e-04
4.106779e-03
7.681046e-03
1.420990e+00
7.635396e-03
4.213339e-03
4.607774e-04
3.898801e-04
4.432898e-03
3.301537e-04
1.428843e+00
4.333144e-03
3.560129e-03
4.306467e-03
1.423442e+00
4.030102e-04
4.330009e-04
3.548245e-04
3.587269e-04
2.722121e-04
3.527283e-04
4.066051e-03
5.720614e-04
4.271533e-03
3.093934e-04
3.224912e-04
2.047351e-04
7.269474e-03
3.783673e-03
3.448567e-04
7.169431e-04
2.859211e-04
2.500643e-04
3.920104e-03
5.249835e-04
3.178233e-04
2.095262e-03
2.522327e-04
2.907334e-04
3.754738e-03
7.698649e-04
2.854411e-04
3.976111e-04
1.809841e-04
1.272709e-04
1.408597e-04
1.245537e-04
1.647980e-04
1.283827e-04
1.312850e-04
1.051074e-02
1.120688e-02
