1.569964e-01
1.945174e-03
5.197998e-04
5.785931e-04
7.486983e-02
2.481528e-03
7.995394e-04
2.542095e-03
1.499588e-01
1.696450e-03
1.947226e-03
2.871834e-03
3.863548e-03
7.428535e-02
3.261284e-03
2.109807e-03
1.688460e-01
3.751610e-03
2.358179e-03
2.194876e-03
1.154284e-03
3.128574e-03
1.212849e-03
3.611880e-03
1.786559e-03
2.430944e-01
4.186534e-03
8.060731e-02
1.225311e-03
1.883013e-03
1.814418e-01
2.942564e-03
1.418288e-03
1.832606e-03
1.671920e-01
8.685284e-02
5.946227e-04
8.763090e-04
5.965678e-04
1.052769e-03
5.794007e-04
8.275324e-04
1.134557e-03
5.400662e-04
2.944706e-04
7.534376e-04
6.764427e-04
3.620256e-04
3.820280e-04
5.003432e-04
3.763703e-04
6.487324e-04
1.089412e-03
3.090790e-04
4.631461e-04
2.129462e-04
6.225393e-04
2.004302e-04
5.414119e-04
1.372412e-04
4.691634e-04
1.722945e-04
2.522399e-04
9.519576e-02
1.926210e-04
2.622250e-04
1.670341e-04
1.893170e-04
3.355433e-04
2.113620e-04
6.206579e-04
1.346852e-04
9.474631e-02
2.067679e-04
2.148565e-04
2.463207e-04
2.032238e-04
1.708854e-04
5.155234e-04
9.579865e-02
1.524034e-04
2.262025e-04
7.612506e-02
1.985443e-04
8.154166e-02
1.572631e-04
2.333700e-04
5.232497e-04
1.500679e-04
2.185138e-04
9.559204e-02
1.520612e-04
1.318128e-04
1.210758e-04
2.097824e-04
6.165394e-04
1.780434e-04
1.765784e-04
3.194170e-05
2.951750e-04
1.430792e-03
9.735481e-02
2.084436e-03
1.905018e-03
1.660911e-01
2.558700e-03
1.726952e-03
9.136753e-04
1.409316e-03
5.141617e-04
5.835994e-04
5.745047e-04
6.846152e-04
5.189623e-04
2.991507e-04
4.812681e-04
2.860642e-04
9.835417e-02
9.652040e-02
4.295830e-04
4.376936e-04
5.350966e-04
4.433277e-04
9.438160e-02
8.275081e-04
1.302447e-03
7.390775e-04
6.236319e-04
9.301694e-02
3.901720e-04
5.684876e-04
6.127358e-04
9.299604e-02
8.156028e-04
7.708658e-04
3.640064e-04
4.122521e-04
5.957180e-04
9.487367e-02
4.787648e-04
5.794194e-04
5.838654e-04
9.890124e-04
5.341681e-04
3.812790e-04
9.506055e-02
3.558060e-04
5.049584e-04
3.307934e-04
7.233669e-04
3.592515e-04
9.549686e-02
4.714275e-04
4.646463e-04
4.930748e-04
4.043325e-04
9.840309e-02
9.696535e-02
4.033673e-04
5.670496e-04
5.123224e-04
2.272296e-04
2.476935e-04
4.689898e-04
4.047705e-04
2.764043e-04
4.232567e-04
2.855480e-04
3.393372e-04
3.170567e-04
9.471886e-02
2.252478e-04
3.111871e-04
2.580233e-04
2.456688e-04
7.012695e-04
3.508769e-04
1.371599e-04
2.596473e-04
9.634253e-02
2.748892e-04
4.850645e-04
9.661323e-02
9.320204e-02
3.921338e-04
5.839771e-04
3.412568e-04
8.285651e-04
2.903090e-04
4.064784e-04
5.116697e-04
2.904795e-04
5.730148e-04
2.100071e-04
1.868841e-04
1.578377e-04
2.884989e-04
9.648289e-02
3.609835e-05
4.384507e-05
3.332621e-05
2.770379e-05
3.409108e-05
2.139107e-05
1.793538e-05
4.372768e-05
7.355017e-05
1.010918e-04
9.415217e-02
1.186519e-04
2.031176e-04
4.022026e-04
4.161172e-04
9.316788e-02
9.033116e-02
3.990805e-04
9.362802e-02
3.689767e-04
5.713300e-04
4.884748e-04
2.922452e-04
4.837961e-04
4.321528e-04
5.650586e-04
1.208788e-03
4.033570e-04
3.876348e-04
3.542003e-04
5.213037e-04
3.935007e-04
3.640946e-04
4.408477e-04
6.781783e-04
3.856666e-04
9.539524e-02
9.502565e-02
9.470274e-02
4.288934e-04
4.220237e-04
9.453790e-02
9.565205e-02
5.580412e-04
5.551799e-04
5.822754e-04
5.842839e-04
1.831234e-01
6.659109e-04
6.143526e-04
6.916306e-04
9.125370e-04
9.503186e-02
1.892853e-01
6.183565e-04
1.121021e-03
5.064183e-04
1.134737e-03
6.865719e-04
6.509762e-04
9.514572e-02
5.613965e-04
9.703045e-02
1.313846e-03
7.050675e-04
1.954269e-01
9.720719e-02
9.951072e-04
7.536717e-04
7.979194e-04
9.415417e-02
4.291290e-04
6.534641e-04
4.354384e-04
7.237300e-04
9.554506e-02
9.504573e-02
9.748369e-02
7.204833e-04
9.639853e-02
7.056890e-04
7.183576e-04
5.503772e-04
8.253084e-04
7.829526e-04
9.759291e-02
9.548974e-04
9.530623e-02
9.722665e-02
8.935708e-02
5.969339e-04
4.398454e-04
9.826227e-04
9.436049e-02
4.583532e-04
6.615722e-04
5.073259e-04
9.479654e-02
5.640142e-04
4.995383e-04
3.352165e-05
3.948070e-05
6.287615e-05
2.422073e-05
4.224693e-05
4.018359e-05
5.519175e-05
4.095434e-05
3.944820e-05
3.154555e-05
2.688462e-05
2.842630e-05
2.880673e-05
3.163479e-05
4.017984e-05
3.151208e-05
3.311675e-05
3.248792e-05
3.791519e-05
3.464519e-05
2.405082e-05
3.825271e-05
2.715682e-05
9.487084e-02
2.083311e-04
2.331713e-04
4.358165e-04
2.725544e-04
3.664435e-04
1.947656e-04
1.952516e-04
1.575587e-04
5.202446e-04
1.999890e-04
1.740878e-04
8.745557e-02
6.725523e-04
8.640471e-02
3.152969e-04
3.680433e-04
2.513133e-04
4.576758e-04
2.365715e-04
4.446244e-04
3.712482e-04
5.893998e-04
8.836155e-02
3.045487e-04
3.416553e-04
3.046521e-04
6.100679e-04
4.418851e-04
9.623037e-02
4.475904e-04
8.789055e-02
9.178981e-02
4.953232e-04
9.230379e-02
6.329871e-04
9.102620e-04
7.439923e-04
5.971020e-04
4.183254e-04
6.781457e-04
4.907358e-04
7.308599e-04
5.846580e-04
9.412479e-02
3.157348e-04
6.480847e-04
6.324245e-04
9.465284e-02
3.880736e-04
6.506435e-04
9.021587e-04
4.937503e-04
4.328666e-04
8.792142e-02
7.351639e-04
3.922985e-04
5.840536e-04
6.150255e-04
2.704621e-01
4.093610e-04
4.843834e-04
5.069122e-04
4.380397e-04
4.201663e-04
8.682127e-02
1.126641e-03
4.600300e-04
5.615216e-04
4.900951e-04
9.359977e-02
9.553875e-04
4.456629e-04
1.096418e-03
7.224917e-04
5.852666e-04
4.962924e-05
7.177667e-05
4.962982e-05
7.019952e-05
7.214975e-05
5.674105e-05
7.350284e-05
8.334799e-05
7.372467e-05
9.314105e-05
6.813153e-05
1.029114e-04
5.579462e-05
6.318216e-05
9.092968e-05
1.344525e-04
7.825880e-05
8.377576e-05
1.153937e-04
9.328259e-05
6.918790e-05
9.442426e-05
6.879261e-05
8.264533e-05
7.489556e-05
9.712375e-05
9.037339e-05
1.142971e-04
7.884543e-05
1.447684e-04
8.873142e-05
1.091847e-04
1.129299e-04
1.366435e-04
7.992545e-05
1.157309e-04
1.039100e-04
1.194095e-04
7.928209e-05
8.064113e-05
9.706407e-05
1.411937e-04
1.124089e-04
1.314756e-04
1.826832e-04
1.917463e-04
1.061449e-04
8.415691e-05
1.381303e-04
8.152387e-05
1.048418e-04
9.131322e-05
6.905234e-05
8.773910e-05
9.221931e-05
8.932903e-05
7.820558e-05
1.159438e-04
8.376308e-05
9.721969e-05
1.132296e-04
1.428498e-04
1.525963e-04
1.200824e-04
9.191132e-05
7.423565e-05
8.922936e-05
1.107625e-04
8.656172e-05
8.447577e-05
8.550941e-05
6.357468e-05
9.267783e-05
1.635780e-04
1.085354e-04
7.294201e-05
1.278729e-04
1.398482e-04
3.250016e-04
1.652368e-04
2.841986e-04
4.021436e-04
5.037830e-04
4.532189e-04
4.996487e-04
3.995709e-04
8.668478e-02
3.120654e-04
9.548670e-02
5.951031e-04
4.150979e-04
3.978201e-04
8.546778e-02
8.973231e-04
3.396104e-04
5.500022e-04
4.710461e-04
7.313860e-04
5.173554e-05
5.589498e-05
4.778988e-05
8.142205e-05
1.380467e-04
1.612946e-04
8.822401e-02
2.614024e-04
2.495516e-04
9.510133e-04
2.033705e-04
2.872772e-04
3.848027e-04
9.808785e-02
2.787556e-04
4.899447e-04
3.581658e-04
9.023336e-02
4.753608e-04
3.306456e-04
9.412366e-02
2.484516e-03
2.651518e-03
8.536849e-02
8.401274e-02
4.134504e-03
1.040715e-01
2.629355e-01
1.784087e-01
1.816455e-01
2.475797e-03
3.491507e-03
9.367085e-02
3.150579e-03
5.456730e-03
3.543146e-03
2.993921e-03
1.008188e-01
1.939414e-01
5.129314e-03
8.999354e-02
9.463777e-02
1.869470e-01
9.100251e-02
1.877124e-01
3.285307e-03
8.498121e-02
3.784370e-01
3.765393e-01
9.610322e-02
1.575660e-03
1.389972e-03
6.863640e-04
7.608599e-04
9.758673e-02
9.626590e-02
8.213437e-04
1.740262e-01
6.597807e-04
1.044704e-03
7.945751e-04
1.884940e-01
1.903762e-01
9.386112e-02
9.693513e-02
9.389064e-02
1.007085e-03
1.151818e-03
9.334090e-02
1.047654e-03
1.922546e-01
1.119251e-03
9.460517e-04
9.684109e-02
9.290511e-02
9.701277e-02
9.663669e-02
1.532188e-03
8.059897e-04
1.872036e-01
8.955808e-03
1.742060e-01
1.705367e-01
9.015828e-02
9.121838e-02
1.730256e-01
2.494732e-01
1.704998e-01
2.500493e-01
1.009218e-01
1.916906e-01
2.572974e-01
1.886418e-01
1.760940e-01
2.782431e-01
1.871798e-01
7.147885e-03
9.866187e-02
5.809967e-03
2.710404e-01
2.731583e-01
9.122567e-02
7.061751e-03
3.674482e-01
9.167849e-02
9.342007e-02
1.754743e-01
1.809340e-01
1.804752e-01
6.688240e-03
3.704511e-01
2.549924e-01
8.468766e-03
9.739044e-02
1.760547e-01
3.626696e-01
1.737778e-01
9.998828e-03
6.259546e-03
2.717192e-01
9.168783e-02
9.557588e-02
3.818830e-01
1.026007e-01
9.684108e-02
1.924134e-01
6.097082e-03
9.294404e-02
2.765583e-01
9.584295e-02
9.310719e-02
5.367577e-03
5.494179e-03
1.836606e-01
9.273503e-02
9.353395e-02
3.304690e-03
3.356410e-03
3.439080e-03
9.684022e-02
3.902522e-03
3.458703e-03
3.004449e-03
3.696594e-01
1.016314e-01
1.866191e-01
3.809617e-03
9.473874e-02
3.329900e-03
1.870897e-01
3.569738e-03
