-1.168567e+02
-1.354872e+02
-1.304674e+02
-1.155740e+02
-1.160695e+02
-1.116942e+02
-9.689164e+01
-8.281200e+01
-7.576625e+01
-6.785430e+01
-5.443259e+01
-3.711036e+01
-2.780280e+01
-1.915896e+01
-1.422694e+01
-9.119751e+00
-3.301717e+01
-4.573150e+01
-5.365389e+01
-6.218813e+01
-7.922295e+01
-9.700820e+01
-1.047708e+02
-1.164121e+02
-1.143445e+02
-1.103952e+02
-8.580096e+01
-7.326740e+01
-6.798541e+01
-6.652032e+01
-4.960244e+01
-3.522163e+01
-2.748243e+01
-1.586856e+01
-9.236197e+00
-8.376860e+00
-1.393512e+01
-1.360778e+01
-7.520251e+00
5.034468e-01
-1.962394e-01
2.049145e+00
6.114217e+00
5.549964e+00
2.981381e+00
-2.535734e+00
4.108823e+00
2.004450e+00
2.152313e+00
1.505844e+00
2.566271e+00
2.695731e+00
2.098705e-01
-2.287919e+00
-4.459069e-01
5.707933e+00
4.422147e+00
4.565606e+00
3.677516e+00
2.204803e+00
1.484082e+00
1.751789e+00
4.651976e+00
7.057058e+00
7.285936e+00
6.512948e+00
7.054406e+00
9.127306e+00
5.382568e-01
-1.164841e+01
-2.437237e+01
-2.560505e+01
-2.834126e+01
-2.795788e+01
-2.749167e+01
-2.686835e+01
-2.698513e+01
-2.795405e+01
-2.200529e+01
-8.341429e+00
7.596611e-01
2.708671e+00
4.406822e+00
4.024753e+00
3.298690e+00
3.298836e+00
4.175589e+00
6.527043e-01
3.830119e+00
4.504645e+00
6.845372e+00
6.551457e+00
7.796356e+00
8.584897e+00
6.427862e+00
6.102996e+00
6.244101e+00
9.742552e+00
7.620452e+00
7.489837e+00
1.647550e+01
1.134873e+01
1.185733e+01
6.474152e+00
7.069988e+00
-8.801173e+00
-3.339247e+01
-7.112006e+01
-9.258191e+01
-1.098805e+02
-1.378884e+02
-1.652554e+02
-1.930723e+02
-2.188873e+02
-2.462196e+02
-2.634451e+02
-2.716469e+02
-2.643726e+02
-2.645241e+02
-2.641087e+02
-2.645067e+02
-2.637075e+02
-2.630897e+02
-2.632192e+02
-2.631712e+02
-2.640589e+02
-2.646426e+02
-2.650309e+02
-2.648229e+02
-2.651074e+02
-2.650631e+02
-2.661710e+02
-2.668667e+02
-2.671076e+02
-2.678520e+02
-2.680794e+02
-2.677216e+02
-2.672916e+02
-2.718242e+02
-2.775153e+02
-2.782228e+02
-2.771454e+02
-2.760345e+02
-2.743657e+02
-2.722863e+02
-2.707150e+02
-2.699559e+02
-2.689189e+02
-2.634806e+02
-2.561765e+02
-7.622246e+00
-3.883859e+00
-2.630926e+00
-1.994328e+00
-1.608449e+00
-1.347805e+00
-1.159238e+00
-1.033484e+00
-9.329719e-01
-8.486967e-01
-9.767657e+00
-7.914550e+00
-7.008316e+00
-6.346981e+00
-5.905285e+00
-6.056688e+00
-5.907178e+00
-5.890953e+00
-3.329972e+00
-3.511094e+00
