4.439311e+00
4.004082e+00
1.266773e+00
-1.063522e+00
-2.576774e+00
-1.324476e+00
-4.578118e-01
2.211408e-01
5.935483e-01
1.020383e+00
1.061573e+00
1.199170e+00
2.110610e+00
3.408484e+00
4.722040e+00
3.883837e+00
3.645205e+00
1.512729e+00
-8.329094e-02
-1.917469e+00
4.570158e+00
7.476928e-01
-4.021263e-01
-3.050891e+00
-1.718855e+00
-1.319583e+00
-1.156760e+00
-6.304165e-01
-4.772572e-01
-5.913459e+00
-1.489429e+01
-1.950225e+01
-1.874709e+01
-1.752389e+01
-1.834955e+01
-2.122323e+01
-2.969945e+01
-3.282744e+01
-3.442606e+01
-3.028320e+01
-2.220706e+01
-1.744191e+01
-1.907192e+01
-2.072791e+01
-2.166557e+01
-2.028963e+01
-1.317433e+01
-1.036746e+01
-1.040587e+01
-1.268812e+01
-1.548593e+01
-1.643266e+01
-1.551805e+01
-1.414947e+01
-1.377135e+01
-1.317724e+01
-1.251637e+01
-1.297842e+01
-1.193299e+01
-8.764810e+00
-6.113093e+00
-5.722602e+00
-6.283208e+00
-7.039348e+00
-6.889458e+00
-6.947060e+00
-6.604943e+00
-5.768691e+00
-5.016851e+00
-4.209510e+00
-3.469898e+00
-2.392570e+00
-1.495713e+00
-8.768055e-02
9.913907e-01
1.956534e+00
1.076112e+00
-2.676369e-01
-3.290710e-01
-2.306418e-01
4.254231e-02
1.639441e-01
5.214199e-01
-8.596969e-01
-9.429922e-01
-6.021261e-01
4.628946e-01
5.551382e-01
-6.753913e-01
-2.338018e+00
-3.365966e+00
-5.028627e+00
-6.711019e+00
-6.852277e+00
-8.308898e+00
-9.807208e+00
-9.292590e+00
-1.393313e+01
-1.942370e+01
-2.201177e+01
-1.552930e+01
-5.855337e+00
-3.206213e+00
-1.839932e+00
-3.230649e+00
-6.330499e+00
-1.757542e+01
-1.622621e+01
-1.449743e+01
-1.417034e+01
-1.365772e+01
-1.522659e+01
-1.519569e+01
-1.637202e+01
-1.638188e+01
-1.385835e+01
-6.233445e+00
-5.236376e+00
-4.764894e+00
-3.453495e+00
-1.981582e+00
-4.963007e-01
-3.835285e-01
8.434159e-01
2.231482e+00
1.160024e+00
1.812209e+00
5.980383e-01
6.810584e-01
-3.414310e-01
-2.002404e+00
-2.535829e+00
-2.665557e+00
-5.941632e+00
-1.073912e+01
-1.169305e+01
-1.148048e+01
-1.157659e+01
-4.383788e+01
-8.009585e+01
-9.878284e+01
-1.171214e+02
-1.341079e+02
-1.421961e+02
-1.407998e+02
-1.433595e+02
-1.428820e+02
-1.436666e+02
-1.139062e+02
-7.896878e+01
-6.120336e+01
-4.464912e+01
-3.004197e+01
-2.101281e+01
-2.033898e+01
-1.821930e+01
-2.055894e+01
-2.026058e+01
-1.840979e+01
-2.152486e+01
-2.459826e+01
-2.716523e+01
-2.792544e+01
-2.776354e+01
-2.712094e+01
-2.731480e+01
-2.830412e+01
-3.160788e+01
-3.737742e+01
-3.591799e+01
-3.443951e+01
-4.179184e+01
-4.859721e+01
-5.038702e+01
-5.031649e+01
-4.945917e+01
-4.690676e+01
-4.410998e+01
-4.004172e+01
-3.674634e+01
-3.268869e+01
-2.026370e+01
-1.179292e+01
-7.756735e+00
-6.333926e+00
-4.448052e+00
-3.952055e+00
-2.694956e+00
-4.094876e-01
-9.613691e-04
1.788682e-01
-1.389353e-01
1.513916e+00
1.544535e+00
1.925726e+00
1.998674e+00
2.157304e+00
2.851595e+00
1.089142e+00
-2.204792e-01
-2.028678e+01
-1.357432e+01
-1.138397e+01
-1.018867e+01
-9.464988e+00
-9.020061e+00
-7.399534e+00
-6.847889e+00
-7.295148e+00
-6.077918e+00
-4.048286e+00
-2.865134e+00
-1.792162e+00
-1.954394e+00
-2.271976e+00
-1.623317e+00
-1.366400e+00
-2.015197e+00
-2.489178e+00
-4.982015e+00
-6.542482e+00
-8.297532e+00
-9.196016e+00
-8.155248e+00
-7.255499e+00
-7.438497e+00
-7.659363e+00
-6.225858e+00
-4.168495e+00
-1.664618e+00
1.313135e-01
1.819251e+00
2.832275e+00
3.009420e+00
3.302966e+00
4.010630e+00
3.807459e+00
3.790176e+00
3.388503e+00
2.711671e+00
2.838859e+00
2.900302e+00
2.132401e+00
1.870343e+00
1.899034e+00
1.877593e+00
2.249610e+00
2.226016e+00
2.533749e+00
3.035444e+00
2.996084e+00
2.969652e+00
3.743566e+00
4.108133e+00
4.199946e+00
4.098917e+00
4.067066e+00
4.041597e+00
3.129749e+00
3.176730e+00
3.168059e+00
3.123586e+00
2.143585e+00
2.023800e+00
2.101047e+00
1.817501e+00
8.323705e-01
8.478737e-01
1.797912e+00
1.720184e+00
1.820732e+00
8.999841e-01
1.883248e+00
1.888142e+00
1.918742e+00
2.327197e+00
3.382375e+00
3.443389e+00
3.339328e+00
3.354911e+00
3.186204e+00
4.182818e+00
3.243554e+00
3.357489e+00
3.294505e+00
2.380223e+00
8.517155e-01
-2.701762e+00
-1.043100e+01
-1.737685e+01
-2.436257e+01
-3.195131e+01
-3.805909e+01
-4.382159e+01
-4.873873e+01
-5.260270e+01
-5.554119e+01
-5.626949e+01
-5.272464e+01
-4.980744e+01
-7.682577e+00
-6.624076e+00
-5.529921e+00
-5.081650e+00
-4.555769e+00
-4.078547e+00
-3.795615e+00
-3.443158e+00
-3.179582e+00
-2.921108e+00
-2.211096e+00
-1.704788e+00
-1.432188e+00
-1.092980e+00
-8.954568e-01
-7.621877e-01
-6.459701e-01
-6.198976e-01
-5.810887e-01
-6.399303e-01
-6.994369e-01
-7.441462e-01
-7.501174e-01
-8.720715e-01
-3.872100e-01
-4.002378e-01
-4.101726e-01
-4.450150e-01
-4.349233e-01
-3.407917e-01
-2.526481e-01
-2.223496e-01
-1.801752e-01
-1.337336e-01
-6.159120e-01
-6.427895e-01
-6.265134e-01
-5.548413e-01
-5.725010e-01
-5.937661e-01
-6.189814e-01
-5.877436e-01
-5.880182e-01
-5.585170e-01
-5.440950e-01
2.768000e-02
8.281023e-02
9.674162e-02
7.691391e-02
8.343480e-02
9.009639e-02
4.589020e-02
2.727051e-02
5.910614e-01
5.882239e-01
1.649110e-02
-9.518416e-02
-1.389144e-01
-9.009190e-02
-1.526314e-01
-1.376211e-01
4.290078e-01
3.867299e-01
-1.611925e-01
-1.882010e-01
-1.376870e-01
-4.633097e-02
5.753371e-03
3.853958e-02
1.121838e-01
1.080585e-01
-3.967862e-01
-3.480767e-01
-3.155627e-01
-2.858748e-01
-2.842442e-01
-2.831825e-01
-3.168735e-01
-3.230607e-01
-3.390470e-01
-3.203201e-01
-3.310974e-01
-3.060638e-01
-3.412853e-01
-3.545203e-01
-3.671568e-01
-3.578999e-01
-3.559824e-01
-3.621648e-01
-3.582952e-01
1.537566e-01
5.820342e-02
3.205890e-02
3.534597e-02
-6.146675e-03
-3.241137e-02
-3.313556e-02
-2.357049e-02
-1.273326e-01
-1.456780e-01
-3.816854e+00
-4.148933e+00
-3.648033e+00
-3.704785e+00
-3.607692e+00
-3.684963e+00
-3.844223e+00
-3.888219e+00
-3.805808e+00
-3.680199e+00
-3.493125e+00
-3.140404e+00
-3.046616e+00
-2.905207e+00
-2.758950e+00
-2.542443e+00
-2.128150e+00
-1.849958e+00
-1.614369e+00
-1.449669e+00
-1.313873e+00
-1.411603e+00
-1.343878e+00
-1.256745e+00
-1.438992e+00
-1.559027e+00
-1.744029e+00
-1.977525e+00
-2.141958e+00
-2.429315e+00
-2.625725e+00
-2.934561e+00
-3.192846e+00
-3.243839e+00
-3.161073e+00
-3.426277e+00
-3.501688e+00
-3.363686e+00
-3.582975e+00
-3.744639e+00
-3.791970e+00
-3.709899e+00
-3.605551e+00
-3.670161e+00
-3.614265e+00
-3.193869e+00
-3.147017e+00
-3.048331e+00
-2.788985e+00
-2.404144e+00
-2.227301e+00
-1.941326e+00
-1.845610e+00
-1.736022e+00
-1.636196e+00
-1.664249e+00
-1.537655e+00
-1.566192e+00
-1.489882e+00
-1.558611e+00
-1.602400e+00
-1.677240e+00
-1.706138e+00
-1.754253e+00
-1.732398e+00
-1.724511e+00
-1.650453e+00
-1.667511e+00
-1.616926e+00
-1.437250e+00
-1.292988e+00
-1.147568e+00
-9.859019e-01
-8.702340e-01
-7.966084e-01
-6.858142e-01
-6.315875e-01
-4.670923e-01
-4.211121e-01
7.922691e-02
7.690211e-02
6.325637e-01
1.149084e+00
1.231851e+00
1.200294e+00
1.242765e+00
1.244248e+00
1.216682e+00
1.204617e+00
1.224949e+00
1.214593e+00
6.226767e-01
1.744238e-02
-7.494968e-03
1.245033e-02
-1.140242e-02
-1.438508e-02
-2.239119e-02
-5.437614e-02
-6.032580e-01
-2.207667e+01
-1.602931e+01
-1.865006e+01
-1.861083e+01
-1.660378e+01
-1.313492e+01
-1.388766e+01
-1.521994e+01
-1.686637e+01
-1.776392e+01
-1.680126e+01
-1.538131e+01
-1.252176e+01
-1.030061e+01
-9.735129e+00
-1.313773e+01
-1.473445e+01
-1.363902e+01
-1.027412e+01
-8.160955e+00
3.425190e+00
3.279077e+00
3.086652e+00
3.368634e+00
3.402288e+00
3.526534e+00
3.586371e+00
3.607143e+00
3.513142e+00
3.653701e+00
3.793244e+00
3.158515e+00
3.379770e+00
3.395639e+00
3.486818e+00
3.461639e+00
3.544613e+00
3.669286e+00
3.838715e+00
3.846585e+00
3.837706e+00
4.644725e+00
4.595470e+00
4.578095e+00
4.578186e+00
4.687598e+00
4.652057e+00
4.634462e+00
4.666953e+00
4.600285e+00
3.329859e+00
2.868445e+00
-2.947330e-01
-1.705128e+00
-1.274076e+00
-5.867398e-01
-1.023125e-01
3.567651e-01
6.633210e-01
9.055103e-01
1.060746e+00
1.021635e+00
2.129277e+00
2.886023e+00
3.330992e+00
3.531310e+00
3.549516e+00
3.682303e+00
3.590910e+00
3.466679e+00
3.206150e+00
3.486649e+00
3.452483e+00
3.683392e+00
3.625668e+00
3.515359e+00
3.609962e+00
3.510046e+00
3.614275e+00
3.777966e+00
3.063059e+00
3.614907e+00
3.991899e+00
4.028002e+00
4.035724e+00
4.157771e+00
4.200902e+00
4.223831e+00
4.123099e+00
4.123218e+00
4.212428e+00
4.126246e+00
4.126474e+00
4.149943e+00
4.070591e+00
4.032274e+00
4.024867e+00
4.076106e+00
4.091789e+00
4.158949e+00
4.205156e+00
4.368303e+00
4.266735e+00
4.220082e+00
4.318312e+00
4.314038e+00
4.270229e+00
4.161308e+00
4.282902e+00
4.293939e+00
4.288837e+00
4.288821e+00
4.406868e+00
4.421776e+00
4.443597e+00
4.505494e+00
4.484211e+00
4.602291e+00
4.631912e+00
4.638082e+00
4.631364e+00
4.624214e+00
4.490882e+00
4.371939e+00
4.307502e+00
4.274081e+00
4.204186e+00
4.091747e+00
4.083217e+00
4.040739e+00
4.109266e+00
4.386458e+00
4.271391e+00
4.360076e+00
4.460970e+00
4.268884e+00
4.160313e+00
4.064954e+00
3.947373e+00
3.949002e+00
3.966232e+00
3.993844e+00
3.994328e+00
4.012600e+00
4.005437e+00
4.141031e+00
4.255867e+00
4.405591e+00
4.533061e+00
4.497367e+00
4.326388e+00
4.271431e+00
4.063315e+00
4.050140e+00
4.060192e+00
