-2.093655e+02
-1.482407e+02
-1.208745e+02
-1.069268e+02
-9.743611e+01
-9.749000e+01
-9.044342e+01
-8.720735e+01
-8.650712e+01
-8.346484e+01
-6.868488e+01
-6.941614e+01
-7.993226e+01
-8.338115e+01
-8.491311e+01
-8.635829e+01
-9.240074e+01
-9.777745e+01
-1.094029e+02
-1.128990e+02
-1.127794e+02
-1.054507e+02
-8.928121e+01
-7.975229e+01
-7.330993e+01
-6.214149e+01
-5.213293e+01
-4.046090e+01
-2.180682e+01
-1.249802e+01
-6.098864e+00
-5.295802e+00
-4.270904e+00
-4.961930e+00
-5.199597e+00
-5.724734e+00
-4.762605e+00
-8.005017e+00
-9.538425e+00
-1.244481e+01
-1.605802e+01
-1.843494e+01
-2.019421e+01
-2.142447e+01
-2.034040e+01
-1.940233e+01
-2.185650e+01
-2.260626e+01
-2.415053e+01
-2.662876e+01
-2.938069e+01
-3.529125e+01
-3.707955e+01
-3.846231e+01
-4.224509e+01
-5.009424e+01
-4.981215e+01
-4.526739e+01
-4.091687e+01
-3.837226e+01
-3.440644e+01
-2.465038e+01
-2.066918e+01
-1.717715e+01
-1.289226e+01
-5.840277e+00
-8.271550e+00
-2.210307e+01
-2.618003e+01
-2.546315e+01
-2.535298e+01
-2.601426e+01
-2.623878e+01
-3.405329e+01
-4.131435e+01
-4.409962e+01
-4.717502e+01
-4.041700e+01
-4.035488e+01
-3.796606e+01
-3.900860e+01
-4.263829e+01
-4.339608e+01
-3.616666e+01
-3.223554e+01
-2.878731e+01
-2.415165e+01
-1.698284e+01
-1.665206e+01
-1.952391e+01
-1.680311e+01
-1.421115e+01
-1.485551e+01
-1.553367e+01
-1.455343e+01
-1.466779e+01
-1.156976e+01
-1.394351e+01
-1.048688e+01
-1.015359e+01
