-1.364992e+01
2.787638e-01
-5.996491e+00
-2.005180e+00
-5.737914e+00
-8.125557e+00
-6.454523e+00
-3.379406e+00
-8.705832e-01
5.624020e-01
3.188855e+00
-4.113716e-01
-8.470387e-01
-4.052307e+00
-4.268576e+00
-4.512750e+00
-7.201090e+00
-1.131625e+01
-1.556107e+01
-1.553356e+01
-1.903356e+01
-1.896704e+01
-1.880671e+01
-1.874430e+01
-1.865400e+01
-1.848979e+01
-1.825081e+01
-1.771399e+01
-1.717764e+01
-1.829518e+01
-1.795910e+01
-1.778719e+01
-1.761863e+01
-1.367653e+01
-1.340420e+01
-1.319810e+01
-1.300229e+01
-1.299755e+01
-1.306838e+01
-1.521490e+01
-1.525133e+01
-1.523865e+01
-1.519796e+01
-1.887897e+01
-1.895407e+01
-1.896681e+01
-1.879789e+01
-1.894345e+01
-1.889689e+01
-1.874964e+01
-6.525331e-01
-4.456136e-01
-3.890627e-01
-4.446638e-01
-4.778594e-01
-4.631037e-01
-4.239698e-01
2.094493e+00
1.742569e+00
1.450850e+00
1.468020e+00
1.433564e+00
1.399566e+00
3.447702e+00
3.428533e+00
5.456217e+00
5.434913e+00
3.412940e+00
3.496529e+00
3.587459e+00
3.591354e+00
3.607836e+00
3.614280e+00
1.599619e+00
3.640250e+00
1.603406e+00
1.531187e+00
1.522832e+00
1.486597e+00
1.456306e+00
1.475620e+00
1.465938e+00
1.461469e+00
1.435445e+00
1.333868e+00
1.340508e+00
1.391613e+00
1.400226e+00
1.405556e+00
3.436351e+00
5.425416e+00
5.444797e+00
5.467741e+00
5.481019e+00
3.580260e+00
5.609962e+00
7.663809e+00
7.653905e+00
7.660659e+00
7.669419e+00
5.658207e+00
7.690166e+00
7.702851e+00
9.696836e+00
9.679169e+00
7.645665e+00
5.558127e+00
5.579088e+00
7.600987e+00
5.591106e+00
5.591467e+00
3.551834e+00
3.536701e+00
1.537712e+00
1.502322e+00
1.503390e+00
1.490723e+00
3.447433e+00
1.384518e+00
1.368963e+00
1.369367e+00
1.328798e+00
3.364801e+00
3.369812e+00
3.399794e+00
3.388334e+00
3.450543e+00
1.459319e+00
1.522602e+00
1.495909e+00
1.499262e+00
1.501753e+00
-5.574497e-01
-5.745846e-01
-5.305573e-01
-5.229806e-01
-5.330079e-01
1.538709e+00
3.547758e+00
3.553467e+00
5.581216e+00
5.601587e+00
7.657613e+00
7.629121e+00
7.620974e+00
7.630882e+00
9.647110e+00
7.583338e+00
5.559563e+00
7.617393e+00
7.621776e+00
7.646189e+00
5.588772e+00
7.641997e+00
7.636724e+00
7.643797e+00
5.635142e+00
5.661171e+00
5.667071e+00
3.608165e+00
1.549895e+00
1.512393e+00
1.554584e+00
-4.631971e-01
-4.848692e-01
-5.050430e-01
-4.880106e-01
-4.950895e-01
-6.679229e-01
-6.450242e-01
-6.353150e-01
-6.764400e-01
-7.019785e-01
-6.909621e-01
-6.913552e-01
-6.853163e-01
-6.725186e-01
1.349821e+00
3.532182e+00
3.510349e+00
3.511128e+00
3.592648e+00
3.559052e+00
5.594413e+00
5.568469e+00
5.573585e+00
5.555034e+00
3.559046e+00
1.539338e+00
3.551564e+00
5.594085e+00
5.586963e+00
5.613499e+00
5.603619e+00
5.636719e+00
7.629032e+00
9.634395e+00
1.162734e+01
1.163010e+01
9.639937e+00
7.591206e+00
7.562101e+00
7.549609e+00
5.529493e+00
5.554248e+00
3.555838e+00
1.553165e+00
-4.477134e-01
-4.687963e-01
-4.692532e-01
1.551867e+00
1.553271e+00
1.515528e+00
3.549201e+00
5.523559e+00
5.544730e+00
7.572617e+00
7.551284e+00
9.597684e+00
1.161089e+01
9.609620e+00
9.580937e+00
9.611079e+00
7.574463e+00
5.552012e+00
5.523059e+00
3.457095e+00
3.458990e+00
3.416878e+00
1.346454e+00
1.348158e+00
1.387053e+00
1.395898e+00
1.374814e+00
1.371714e+00
1.373761e+00
3.408004e+00
3.387129e+00
1.381435e+00
1.374004e+00
1.281028e+00
1.216723e+00
1.234396e+00
1.117019e+00
1.115907e+00
8.644584e-01
-1.731339e+00
-2.088601e+00
-2.770695e+00
-3.213454e+00
-3.535960e+00
-3.832857e+00
-4.216917e+00
-4.565862e+00
-5.035326e+00
-5.203538e+00
-4.880194e+00
-5.001296e+00
-4.703030e+00
-4.699166e+00
-4.801773e+00
-5.024544e+00
-5.052739e+00
-4.951691e+00
-5.085610e+00
-5.226412e+00
-5.529271e+00
-5.472083e+00
-5.387125e+00
-5.778097e+00
-5.600499e+00
-5.380187e+00
-5.218576e+00
-5.137732e+00
-5.189603e+00
-4.996260e+00
-4.895708e+00
-5.037964e+00
-5.284325e+00
-4.523100e+00
-4.215518e+00
-3.888567e+00
-1.595257e+00
-1.298373e+00
-6.292797e-01
-2.406947e-01
1.810834e-01
2.774600e+00
3.302034e+00
3.441066e+00
3.473387e+00
3.503533e+00
1.416943e+00
1.402595e+00
3.454191e+00
3.420841e+00
3.432208e+00
1.421470e+00
1.434469e+00
1.428591e+00
1.430504e+00
1.432863e+00
1.448721e+00
1.427294e+00
-5.976641e-01
-6.192908e-01
-6.221059e-01
-6.732894e-01
-6.575071e-01
-6.999229e-01
-7.026975e-01
-7.149085e-01
-7.101795e-01
-6.653406e-01
-6.904759e-01
1.341467e+00
1.315544e+00
1.338696e+00
1.324987e+00
1.347115e+00
1.290202e+00
1.308452e+00
1.337083e+00
1.315996e+00
1.328746e+00
-6.785191e-01
-6.375726e-01
-6.278627e-01
-6.451044e-01
-6.550143e-01
-5.911507e-01
-6.057919e-01
-6.013267e-01
-6.080563e-01
-6.479095e-01
-6.103129e-01
-6.273261e-01
-6.292304e-01
-6.533530e-01
-6.417742e-01
-6.646454e-01
-6.539571e-01
-6.652254e-01
-6.741816e-01
-6.465119e-01
1.351643e+00
1.363673e+00
1.361221e+00
1.365667e+00
1.345011e+00
1.357025e+00
1.362110e+00
1.342851e+00
1.344717e+00
1.347771e+00
1.333735e+00
1.307420e+00
1.322986e+00
1.350478e+00
1.336469e+00
1.361069e+00
1.387243e+00
1.362774e+00
1.316568e+00
1.288502e+00
-7.327068e-01
-7.462708e-01
-7.661135e-01
-7.956877e-01
-7.471525e-01
-8.320928e-01
-8.759213e-01
-8.564705e-01
-7.868873e-01
-7.458403e-01
1.313211e+00
1.341400e+00
1.336001e+00
1.332213e+00
3.304060e+00
3.357973e+00
3.364091e+00
3.344478e+00
3.348257e+00
3.337671e+00
1.256761e+00
1.229977e+00
1.251385e+00
1.259845e+00
-7.332397e-01
1.315254e+00
1.309286e+00
1.277418e+00
1.263163e+00
1.079936e+00
1.089048e+00
1.069873e+00
9.231956e-01
8.942569e-01
8.814300e-01
-1.231428e+00
-1.240172e+00
-1.281251e+00
-1.371077e+00
-1.256671e+00
-1.325189e+00
-1.305534e+00
-1.225516e+00
7.966491e-01
7.131174e-01
-1.178170e+00
-8.792954e-01
-7.897431e-01
-7.542809e-01
-7.316799e-01
-7.755707e-01
-8.893006e-01
-1.163654e+00
-1.112217e+00
-1.169798e+00
-7.785367e+01
-9.213692e+01
-8.471142e+01
-8.443857e+01
-8.260015e+01
-8.139183e+01
-7.756508e+01
-7.467980e+01
-7.227730e+01
-7.004308e+01
